# oST version 5.0 parameters


[image]

width
1280

height
720

[narrow_stereo]

camera matrix
932.318729 0.000000 652.661964
0.000000 930.236428 372.697566
0.000000 0.000000 1.000000

distortion
-0.018451 -0.064043 -0.002053 0.003082 0.000000

rectification
1.000000 0.000000 0.000000
0.000000 1.000000 0.000000
0.000000 0.000000 1.000000

projection
907.920471 0.000000 657.963881 0.000000
0.000000 925.121948 371.420928 0.000000
0.000000 0.000000 1.000000 0.000000

