# oST version 5.0 parameters


[image]

width
640

height
480

[narrow_stereo]

camera matrix
619.969460 0.000000 323.014237
0.000000 617.141722 255.372614
0.000000 0.000000 1.000000

distortion
0.068625 -0.379882 0.001013 0.000263 0.000000

rectification
1.000000 0.000000 0.000000
0.000000 1.000000 0.000000
0.000000 0.000000 1.000000

projection
613.085205 0.000000 322.900259 0.000000
0.000000 616.659546 255.342779 0.000000
0.000000 0.000000 1.000000 0.000000
